# TablaQ rA= 0.5 gamma= 0.9
-1.001675457882839737e+01 4.996682364030405665e+00 -6.168950879836559764e+00 -7.181692650492238705e+00 -6.815011528732266122e+00
-9.877461992225611276e-02 4.993177069884279007e+00 3.755570681311937165e-03 -1.749973350687699325e+00 -1.461113987829204097e+00
4.999779582044782344e+00 1.774236099731584027e+00 1.361528542081068327e+00 2.491921071159537870e+00 2.218692366517816872e+00
4.958844686846670236e+00 1.013261166679788827e+00 1.926652022831176314e+00 -8.276193315257657446e+00 1.382819065595913610e+00
1.356271244293889122e+00 4.883331528679947242e-01 4.948273830329862122e+00 -6.709249826643558734e+00 5.599435962682260959e-01
-2.217768864699428377e+01 -2.388373589483963855e+01 -2.366332672399794390e+01 -2.458452746785157927e+01 -2.117412677358031914e+01
-2.247932913140454048e+01 -1.740843449065605952e+01 -2.277904302046934149e+01 -2.072823731664777824e+01 -2.009402436737154574e+01
-4.105719097535989182e-01 2.415528116558220084e+00 -5.034657177843263831e+00 -2.546939037723301880e+00 -1.732365468415861187e+01
1.422769193728664838e+00 1.134728232350568078e+00 2.340324326240972308e-01 6.614499927913557453e-01 -1.070098353501469646e-01
4.754795880407028719e+00 1.522347034756921236e+00 1.645354789995364664e+00 1.115110661908402578e+00 1.413853249173712578e+00
4.999888091271929014e+00 1.419910383750472960e+00 6.090489130812252183e-01 1.565832991892169179e+00 1.223933036365005611e+00
-7.691174009328344496e+00 -8.372245560925481556e+00 4.981684326924262329e+00 -2.660638177777026936e+00 -3.026081404216674375e+00
-1.943615031917775626e+00 -4.824705421116112447e+00 -3.752721525817407588e+00 2.974888225495974758e+00 -2.231101437992955461e+00
-3.358569880831966969e+01 -3.185532563079550172e+01 -3.800067020960435116e+01 -3.171605044365596271e+01 -5.655229151662625853e+00
-2.325023462945397057e+01 -3.289119232049430508e+01 -2.972756536434754793e+01 -2.161608037271595606e+01 -1.449026338427847449e+01
-6.768519231715615092e+01 -6.528307118549454913e+01 -6.417469964834759821e+01 -6.473201115712599574e+01 -2.691948364344875699e+01
