# TablaQ rA= 0.5 gamma= 0.9
1.053126016433278966e+00 2.302218198053758158e+00 1.751860935546149189e+00 2.196138883314667556e+00 1.833327463158571868e+00
2.031423530790611665e+00 1.049368060854710016e+00 1.097743640236415574e+00 2.407444263948084195e+00 1.877527852238288997e+00
1.788771566801987234e+00 1.357304983042426416e+00 1.386659111182559911e+00 1.885790456431627904e+00 1.334907393838610234e-01
2.866059531479420386e+00 1.951390035716542570e+00 1.650112046386023490e+00 7.954041359854447935e-01 3.003935778446317206e-01
9.512400413263677468e-01 4.843675544988191861e-01 4.309213717038418157e-01 1.976460253091897101e+00 2.653024551093688288e+00
2.172754556402832993e+00 3.048504046959201741e-01 1.330162410450001609e+00 1.214896911673789992e+00 1.227858412529566623e+00
2.467291634582626791e+00 2.995690942427089887e+00 2.422619823456758859e+00 2.539815458458363651e+00 4.201933317268407020e-01
1.722582715560445621e+00 2.638916947842884220e+00 8.712665264580610192e-01 2.036816915073645928e-01 2.401514613858173774e+00
1.977361114268725295e+00 8.291820825730984446e-01 1.971409106622548979e+00 1.172866633765103028e+00 1.298888495963369305e+00
5.057863696013068511e-01 2.832880049598810235e+00 8.180377408807804063e-01 8.629537568372924738e-02 2.654904443868517205e+00
8.116414910878146927e-01 2.132611929765190428e+00 2.704715703781803704e+00 2.485083054445663020e+00 2.419487950098142992e+00
1.724738804628622280e+00 1.563471731965978329e+00 7.226945230429611122e-01 2.554419017163152894e+00 9.738231129661356622e-02
2.978648147236058197e+00 1.729225049425268113e-01 1.588827068479329974e+00 2.749097219760615829e+00 1.642459277454765942e+00
6.415969618217153281e-01 1.205485220022116000e+00 1.968773644422407321e+00 1.933709904702181070e+00 1.595229197233890339e+00
1.808756295700023831e+00 1.711363065654548654e+00 4.350617670132032044e-01 1.849707721326022902e+00 6.526624249424992641e-01
4.943968584707786107e+00 1.967296246867842102e+00 2.312144905646802417e+00 1.906414032976019746e+00 1.465650135999501558e+00
1.980946583312891418e+00 7.200585650980181329e-01 1.543348079858034128e+00 6.611684294743264134e-01 1.499295896005036210e+00
8.847642519378143833e-01 2.571551098316786632e+00 1.266632729037381111e+00 3.680322307166813411e-01 5.708092993097123591e-01
2.535243180189523660e+00 1.534202688979231066e+00 1.093155476117064318e+00 8.912854605107345396e-02 1.939239048640270191e+00
2.020682011576806048e+00 2.345380440027016178e+00 2.867676518343378333e+00 9.092536679135699851e-01 2.171269923646450994e+00
2.418064429492114531e+00 3.807361549848220506e-01 1.156168828335554233e+00 2.856379916370689109e+00 9.832496982928670137e-01
-4.260796797032403660e+00 1.687143722214504926e+00 -3.764045183668183636e+00 -4.155174386056294189e+00 5.307930684942081534e-01
