# TablaQ rA= 0.7 gamma= 0.8
1.706791464534747083e-08 1.814332541876025139e-08 1.860754823687341728e-08 1.812729885991550426e-08 1.812010041201534121e-05
4.316444576796539831e-07 4.051954102943791817e-07 2.922113241666944223e-07 1.424481342320586507e-05 4.669861414436557462e-07
1.974023603151905105e-05 6.246990674724740722e-10 6.361367670996912788e-10 6.086993659195187237e-10 5.592196245481709359e-10
1.931628262661816246e-03 6.969822496678974577e-01 2.072655156417447207e-03 2.175113641560322449e-03 2.106065370787329073e-03
4.965057181474979431e-01 -4.640046560685480159e+00 1.596178239716569474e-03 1.625189627602476039e-03 1.476087033252295724e-03
1.309581841032763760e+00 2.586074269632807177e+00 1.993767966099627476e+00 1.437722972146419975e+00 2.757929494910777546e+00
3.206642616443891591e-02 1.794187727874132707e-02 1.720831199700699130e-02 1.787093935547241080e-02 9.636829660165088796e-03
-2.021537488615690492e+00 1.817675529790789578e-08 -1.311340058584789503e+01 2.826230107071501130e-05 -1.306684178056119450e+01
2.794717346639179342e-08 3.052841862402395697e-08 2.789136525071634788e-08 1.857695154842742334e-04 3.172725625130709089e-08
7.625518182571550238e-05 2.371859109846844914e-07 2.351604817726175498e-07 2.340615545250901949e-07 2.342171193007210687e-07
1.586313007778430714e-06 -1.399639474876760836e+01 1.513683671708796285e-06 -1.399514104521796654e+01 1.325536680681134432e-05
2.180989585597176150e-01 7.873116982800705543e-02 2.009673233195712339e-01 1.891674137758528884e-01 1.003191835877528804e-01
8.251503527318369835e-03 -2.221425182711629087e-01 1.709817744551599683e-01 -3.708228567366521844e+00 8.298059484547426479e-03
-1.072312426314292821e+01 -1.256560935968718873e+01 -9.801356310369298441e+00 -9.920093707704733532e+00 5.138124418224703643e-02
-2.911080499193534976e+01 -2.583946231424954121e+01 -3.386631696363597399e+01 -3.291992920356055663e+01 -2.739289215992926785e+01
7.931751142372843733e-01 2.910726526816365123e+00 2.522455665841952577e+00 6.537477102547155638e-01 2.896252024941905034e+00
2.765132572636744612e+00 2.954554577446967034e+00 3.539882298462426746e-02 1.295514370224458256e+00 1.824956012689508134e-01
-2.598893327993390301e+01 -1.399987187827520785e+01 -2.546842571657781207e+01 -3.766629842478086965e-01 -1.605915059859025718e+01
-1.793046629481106047e+00 -1.397350189123830155e+01 -1.399833084317355336e+01 1.053579557996520182e-05 -1.891000882840042419e+00
-3.469887192170683932e+01 -3.011550599510973925e+01 -1.304145096449058627e+01 1.373829288877212333e-06 -1.320433153949584693e+01
8.200818937574218259e-03 8.147026555152815999e-03 7.460372433609132811e-03 8.395520291039536287e-03 2.556790793539010301e-03
-1.382867865052899425e+01 -1.382858077192896396e+01 1.906022038959909737e-01 6.159949063892838222e-02 1.710133970969706096e-01
-3.435403796205054050e+01 -3.503194641495976214e+01 -3.433462698083002351e+01 -3.261100820299209602e+01 -3.267665488711067212e+01
2.003819565656452362e+00 1.965504503199420716e+00 2.853179908762820016e+00 1.654145556380076654e+00 9.145939553143721534e-01
2.708818462957516271e-01 1.023739149691733186e+00 2.100140216332979648e-03 2.457930490177041571e-01 8.351931257365341477e-01
-9.682049689097050305e+01 -9.691247546221822518e+01 -9.697819839682719589e+01 -9.685937445283281022e+01 -2.715968534130998790e+01
